$ANSIBLE_VAULT;1.1;AES256
61636533353161383266343863323666663836396337393332383632363133623036373530376232
6237643037313837373066333866633933316463336163630a393731353065306266303465656435
34343239373263326532336633663563343432323731346439663439366666613163366333363465
3330356635643136300a366433366537366133393936313665313134323862333638383234643662
37356635363130656166303462336239623664393834393433323939373764346630656337326130
33376138356539313632626430643332323765333634373463336534613661626362353738346462
35306334623865616465666164346563616162323136613863663235363434623433343765313361
31356130363230353930373761336265383137383965616137663161366165323765386436353539
38653339393964373737313764366266326436656562323538316265633330353539313964633730
38376436376566363163613333393238373634663464383833633438643830376436353132623961
38393666366138336263363137363738643636396362326362373732623038366162616438306465
64343839643764366534306335376132636466666265303536393238323434636339313131383264
30633333646539376232323666346461373035346361326562656639343730633739346263373632
39303737666636623138656239393732313939366135643262353835306235663233636139626431
62373130613461343430613330356434643236363133653564383330626665623536323631386638
39353534393465333233643238386533363261623936323238383731363964653062306631323937
31616461623265363531383363333334386334636537316262333566636131636135386533343166
38643934316165663338306337323962653339653765356535316265386363303466663332303131
65376132326364653338323263633862326139373037376432336136633236303435333763666566
37393161613030316138643363663661373432376633336237613239336665303930666637306239
39616338343334643863616332313534313566373266313066613737633132303738316432623932
63623836643164373365356432356665333333326233363264313632343334313630323034643632
37343831633262613137663962306366316436313930353462313433636634643663633565663865
36313635636161306164363562353734396334653234353931396234316563326338383130643166
64623332643761613737613665396338326165616162333035393634623863633565373439636239
35393930666238643539353462363336373363643533373661376263633535333234313863316261
63376139633465343930313135336364383334303137306636646238663332366235306465316338
38623834376133353637663831613031316337323336616430386631616563613062346130653838
66333635643266663433613033343930336230346637316237316134623131376264663734323030
38376463383739336236343766303838303764636365373532656437333265316465303437353838
31666639383261623130363738393733656337633238633433653062616663376336343532313739
37646339633865383635326365336337646564393866613465326135356661613030336135306136
66633263393538386261346139636339306130326337616635356465366633613737643563623663
39373064613966643765363639356233303039376535613362616133306133666265613062343635
35303532663066633736313537356631636564303866653431646238373861663065303664663936
30663334336534393262
